Classification Report:
              precision    recall  f1-score   support

        1920     0.0000    0.0000    0.0000         2
        1930     0.5000    0.1538    0.2353        13
        1940     0.0000    0.0000    0.0000        42
        1950     0.2082    0.2525    0.2282       301
        1960     0.3015    0.1393    0.1906       567
        1970     0.3113    0.2421    0.2724       855
        1980     0.3780    0.2191    0.2774      1132
        1990     0.1836    0.5206    0.2715       461
        2000     0.0148    0.0870    0.0253        23

    accuracy                         0.2515      3396
   macro avg     0.2108    0.1794    0.1667      3396
weighted avg     0.3001    0.2515    0.2510      3396