F1 score(Lenient):
0.33352958492787754

Accuracy score:
0.33352958492787754

              precision    recall  f1-score   support

           0     1.0000    0.0000    0.0000         1
           1     1.0000    0.0000    0.0000        13
           2     1.0000    0.0000    0.0000        41
           3     1.0000    0.0000    0.0000       302
           4     1.0000    0.0000    0.0000       568
           5     1.0000    0.0000    0.0000       856
           6     0.3335    1.0000    0.5002      1133
           7     1.0000    0.0000    0.0000       461
           8     1.0000    0.0000    0.0000        22

    accuracy                         0.3335      3397
   macro avg     0.9259    0.1111    0.0556      3397
weighted avg     0.7777    0.3335    0.1668      3397
