F1 score(Lenient):
0.17338828377980572

Accuracy score:
0.17338828377980572

              precision    recall  f1-score   support

           0     1.0000    0.0000    0.0000         1
           1     1.0000    0.0000    0.0000        13
           2     1.0000    0.0000    0.0000        41
           3     1.0000    0.0000    0.0000       302
           4     0.1682    0.9278    0.2848       568
           5     0.2452    0.0596    0.0959       856
           6     0.4000    0.0053    0.0105      1133
           7     0.1220    0.0108    0.0199       461
           8     1.0000    0.0000    0.0000        22

    accuracy                         0.1734      3397
   macro avg     0.6595    0.1115    0.0457      3397
weighted avg     0.3514    0.1734    0.0780      3397
